19.087899870228583
19.11929987950955
19.083499884900448
18.98089988987072
18.322299890819203
17.81469989065185
17.580799892614788
17.39019989373308
17.052399894491064
16.83069989535451
16.70309989793924
16.568499898714972
16.558799899656957
16.38569990001064
16.200799900010338
16.12849990020865
16.05289990001012
15.891199900208282
15.773399900208105
15.761599900208088
15.709199900009637
15.727399900009663
15.7566999000097
15.91539990020832
15.872499899617866
16.100899898513763
16.45699989773577
16.67789989507419
16.830199890553516
16.073399878159154
16.358899873707596
17.309699874975813
17.69839987073929
18.0534998650762
17.71459985714237
17.47659984914239
18.604099853783158
18.564999844796674
18.67559983882449
19.239699836333372
19.427899831940163
18.722399822492157
19.26999982615473
18.771699818853943
19.028699817336268
19.727999819902408
19.699699817389735
19.980899820850194
19.1003998159883
18.803999815419484
18.666199814064353
18.29159981084934
18.372399810439045
17.91779980512782
16.909499796884216
16.388099791864203
16.363799794304175
16.61219979841459
16.808599801458993
16.81639980224501
17.24009980543108
16.351499796409154
16.507399796297406
16.581699795048543
16.19109978994191
17.286499798361213
17.617199798766393
18.699499810107834
19.100299813358305
19.8462998252633
19.437599823518912
18.186199813052518
18.661799819951295
17.346699807408413
18.21229981553671
18.767099822853865
17.812199815584272
18.650099827067137
18.508099829167406
18.45909983099989
16.3010998100445
15.214666333367777
15.0936663332172
15.00066629587711
12.674039914897582
12.572874914501844
14.890379911432067
12.300579914210907
12.101674914184775
11.885089914183744
11.827674914210066
11.654709914191422
11.491544914399057
13.556879909813745
13.331579910325818
14.499179922893974
