19.087899870232633
19.119299879513193
19.08349988490386
18.980899889873907
18.32229989082207
17.814699890654502
17.580799892617296
17.390199893735485
17.052399894493323
16.830699895356666
16.70309989794129
16.568499898716958
16.55879989965892
16.38569990001253
16.20079990001217
16.128499900210457
16.052899900011905
15.89119990021001
15.773399900209794
15.761599900209774
15.709199900011306
15.727399900011338
15.756699900011384
15.915399900210055
15.872499899619598
16.10089989851559
16.456999897737738
16.6778998950763
16.83019989055579
16.073399878161467
16.35889987371016
17.309699874978744
17.69839987074257
18.05349986507992
17.714599857146336
17.476599849146766
18.604099853787957
18.564999844802365
18.675599838831204
19.239699836341146
19.427899831948885
18.72239982250296
19.269999826165225
18.77169981886705
19.028699817358145
19.727999819925415
19.699699817444227
19.98089982092677
19.100399816058832
18.803999815456503
18.66619981409887
18.29159981088056
18.37239981047037
17.917799805153653
16.90949979690106
16.38809979187891
16.363799794316844
16.612199798426797
16.808599801470194
16.81639980225497
17.240099805441066
16.351499796417468
16.507399796305716
16.58169979505669
16.191099789949963
17.286499798369267
17.617199798774845
18.699499810116247
19.10029981336669
19.846299825271178
19.437599823526455
18.186199813060036
18.661799819958603
17.346699807417185
18.21229981554716
18.767099822862786
17.81219981559837
18.650099827076993
18.50809982917655
18.459099831008317
16.301099810067544
21.41723942050958
21.30574608791468
21.146199359018127
17.240909846006296
17.121274845891403
14.890379911472126
16.716019846046002
16.377324846049426
16.00230984603765
15.89577484600868
15.601489846020717
15.263204845806545
13.556879909837638
13.331579910343372
14.499179922899287
