19.087899870228892
19.119299879509693
19.083499884900494
18.980899889870674
18.32229989081905
17.814699890651617
17.580799892614504
17.390199893732756
17.052399894490687
16.830699895354098
16.70309989793878
16.56849989871449
16.55879989965646
16.38569990001012
16.200799900009798
16.128499900208094
16.05289990000956
15.891199900207699
15.773399900207506
15.76159990020749
15.709199900009029
15.72739990000906
15.756699900009096
15.91539990020774
15.872499899617267
16.100899898513173
16.456999897735194
16.677899895073576
16.830199890552787
16.073399878157932
16.358899873706235
17.309699874974594
17.698399870737912
18.05349986507454
17.71459985714017
17.476599849139486
18.604099853780617
18.56499984479297
18.675599838819526
19.23969983632771
19.427899831933686
18.722399822482014
19.269999826145675
18.771699818840634
19.028699817310084
19.727999819875595
19.699699817315715
19.980899820743293
19.10039981588913
18.803999815370215
18.66619981401876
18.291599810808435
18.372399810398196
17.917799805095108
16.90949979686451
16.388099791847594
16.363799794290436
16.612199798401466
16.80859980144745
16.81639980223544
17.240099805421814
16.35149979640261
16.507399796291292
16.58169979504332
16.191099789937358
17.286499798358147
17.61719979876374
18.699499810104776
19.100299813356376
19.84629982526144
19.4375998235181
18.186199813052085
18.661799819951163
17.346699807409554
18.212299815539303
18.767099822855737
17.8121998155892
18.65009982707007
18.5080998291701
18.45909983100226
16.301099810054282
18.315952876936993
18.199706210564262
18.073432827445952
14.957474880450299
14.847074880195061
14.89037991145047
14.508299880127119
14.239499880115932
13.943699880109703
13.861724880108426
13.628099880105253
13.377374880102122
13.556879909824918
13.331579910333943
14.499179922895351
