19.087899870227286
19.119299879508713
19.08349988489982
18.980899889870248
18.32229989081868
17.81469989065125
17.580799892614223
17.390199893732525
17.052399894490485
16.830699895353927
16.70309989793871
16.568499898714446
16.55879989965645
16.38569990001012
16.2007999000098
16.1284999002081
16.05289990000956
15.891199900207704
15.773399900207512
15.761599900207495
15.709199900009033
15.727399900009061
15.7566999000091
15.915399900207744
15.872499899617289
16.100899898513227
16.456999897735283
16.67789989507376
16.83019989055315
16.073399878158813
16.358899873707355
17.30969987497571
17.69839987073932
18.0534998650764
17.71459985714269
17.476599849142907
18.60409985378381
18.564999844797736
18.675599838826017
19.239699836335262
19.427899831942305
18.722399822495294
19.269999826157687
18.771699818858135
19.028699817344943
19.727999819911552
19.69969981741467
19.98089982088626
19.100399816021437
18.80399981543584
18.666199814079402
18.291599810862632
18.372399810452325
17.91779980513806
16.909499796889502
16.388099791868108
16.363799794307173
16.61219979841759
16.80859980146156
16.816399802246845
17.24009980543298
16.351499796409314
16.507399796297335
16.58169979504786
16.191099789940374
17.286499798359202
17.617199798763973
18.699499810106843
19.100299813356646
19.846299825262616
19.437599823516997
18.18619981304901
18.661799819948047
17.346699807401205
18.212299815527114
18.76709982284697
17.81219981556813
18.650099827057915
18.5080998291589
18.45909983099231
16.301099810012943
5.91080670265697
5.775546701172752
5.782366701167252
5.823735018236132
5.750275017419002
14.89037991137349
5.677420016459395
5.68820001638866
5.709260016403444
5.725525016512622
5.734540016447727
5.834055017287836
13.55687990977816
13.331579910299565
14.49917992288725
