1837.59
1773.4
1731.18
1678.22
1673.81
1689.29
1667.32
1651.08
1636.69
1620.73
1549.93
1490.81
1404.82
1372.69
1312.28
1366.7
1378.45
1334.35
1282.55
1311.75
1416.59
1358.65
1364
1327.16
1329.95
1262.35
1289.35
1280.09
1304.16
1257.58
1302.73
1304.23
1276.43
1194.62
1080.43
1137.02
1197.6
1262.8
1353.14
1447.1
1482.59
1469.31
1520.97
1585.18
1540.68
1523.28
1508.86
1440.09
1444.58
1470.71
1502.52
1555.09
1569.33
1640.92
1720.58
1749.85
1729.97
1696.71
1675.01
1683.53
1684.66
1757.06
1760.01
1776.99
1794.87
1793.48
1808.74
1816.75
1796.51
1781.71
1803.14
1839.52
1862.76
1935.67
1973.86
2001.88
2018.84
2009.75
2022.57
2087.78
2104.5
2167.93
2193.57
2201.31
2201.54
2226.84
2247.84
2314.41
2334.34
2316.8
2297.64
2290.8
2262.91
2214.85
2217.98
2177.5
