1957.33
1946.45
1935.9
1925.69
1915.83
1908.24
1899.04
1890.18
1881.65
1875.35
1867.47
1859.91
1852.66
1847.6
1840.95
1834.6
1828.54
1822.75
1819.07
1813.79
1808.76
1803.96
1801.2
1796.82
1792.64
1788.63
1786.59
1782.9
1779.34
1775.91
1772.57
1771.11
1767.94
1764.81
1761.73
1760.44
1757.38
1754.3
1752.94
1749.77
1746.53
1743.2
1741.5
1737.92
1734.18
1730.28
1727.95
1723.77
1719.51
1715.18
1712.53
1708.18
1703.87
1699.63
1697.19
1693.21
1689.42
1687.52
1684.22
1681.22
1678.56
1677.9
1675.9
1674.21
1672.81
1673.36
1672.51
1671.92
1671.57
1673.08
1673.15
1673.41
1675.48
1676.06
1676.78
1677.61
1680.18
1681.16
1682.18
1683.2
1685.85
1686.8
1687.66
1688.42
1690.69
1691.14
1691.4
1691.43
1692.87
1692.38
1691.58
1692.15
1690.83
1689.27
1687.52
1687.23
1685.17
1682.99
1680.73
1680.04
1677.7
1675.37
1673.07
1672.46
1670.34
1668.33
1666.45
1666.29
1664.62
1663.03
1663.13
1661.68
1660.29
1658.94
1659.21
1657.9
1656.59
1655.28
1655.53
1654.15
1652.73
1651.27
1651.36
1649.85
1648.33
1648.39
1646.88
1645.4
1643.95
1644.11
1642.76
1641.48
1640.28
1640.72
1639.71
1638.8
1637.96
1638.73
1637.94
1637.12
1636.24
1636.8
1635.67
1634.36
1634.39
1632.62
1630.56
1628.18
1626.96
1623.8
1620.2
1616.2
1613.36
1608.67
1603.71
1598.52
1593.14
1587.63
1582.03
1577.88
1572.25
1566.69
1561.26
1556.01
1551
1546.27
1543.25
1539
1534.94
1531.03
1527.22
1523.48
1519.75
1517.41
1513.57
1509.62
1505.49
1501.14
1496.51
1492.95
1487.62
1481.95
1475.99
1469.79
1463.41
1456.9
1451.68
1445.1
1438.59
1432.22
1426.06
1420.2
1414.7
1410.97
1406.47
1402.56
1399.21
1396.35
1393.91
1393.08
1391.23
1389.56
1387.98
1386.42
1384.8
1383.02
1382.28
1379.95
1377.2
1373.96
1370.14
1365.83
1361.1
1357.31
1352.06
1346.69
1341.32
1336.06
1331.01
1326.3
1323.26
1319.59
1316.63
1314.5
1313.33
1313.19
1315.23
1316.95
1319.43
1322.56
1326.23
1330.33
1334.76
1340.63
1345.39
1350.16
1354.85
1359.35
1363.58
1367.44
1372.12
1375.09
1377.62
1379.72
1381.38
1382.63
1383.47
1385.18
1385.26
1384.97
1384.35
1383.4
1382.16
1381.9
1380.12
1378.12
1375.9
1373.48
1370.89
1368.12
1366.44
1363.37
1360.16
1356.83
1353.37
1349.8
1346.12
1343.55
1339.68
1335.71
1331.67
1327.58
1323.45
1319.32
1316.4
1312.34
1308.36
1304.48
1300.74
1297.16
1293.77
1290.6
1287.68
1286.19
1283.85
1281.86
1280.24
1279.05
1278.32
1278.09
1278.4
1279.29
1281.94
1284.1
1286.94
1290.49
1294.78
1299.83
1305.66
1312.3
1319.72
1328.96
1337.46
1346.22
1355.08
1363.86
1372.43
1380.63
1388.32
1395.37
1402.89
1408.25
1412.56
1415.7
1417.52
1417.94
1417.07
1415.07
1412.07
1409.5
1404.97
1399.9
1394.44
1388.74
1382.97
1377.28
1371.86
1366.86
1362.48
1360.11
1357.46
1355.69
1354.7
1354.39
1354.66
1355.38
1356.46
1357.77
1359.22
1360.68
1362.05
1361.99
1362.83
1363.24
1363.11
1362.34
1360.99
1359.13
1356.83
1354.18
1351.26
1348.14
1344.91
1341.67
1338.5
1335.5
1332.77
1330.4
1328.49
1327.16
1326.45
1326.31
1326.65
1327.36
1328.34
1329.49
1330.58
1331.63
1332.55
1333.35
1333.75
1332.52
1331.62
1330.38
1328.75
1326.03
1322.4
1318.3
1313.37
1307.98
1302.51
1296.94
1291.02
1285.13
1279.36
1273.98
1268.36
1263.65
1262.49
1260.95
1260.36
1260.89
1261.85
1262.51
1263.38
1265.39
1267.58
1269.53
1270.61
1274.35
1278.18
1280.92
1283.88
1286.39
1288.27
1288.78
1288.18
1288.16
1287.85
1287.59
1284.83
1282.34
1281.34
1281.13
1277.79
1277.69
1276.77
1276.29
1277.13
1277.5
1279.12
1281.41
1284.44
1286.42
1288.55
1291.22
1293.76
1295.52
1297.28
1297.72
1297.69
1297.51
1297.17
1298.9
1299.59
1297.34
1293.07
1288.6
1284.84
1281.61
1276.67
1271.94
1265.75
1264.41
1262.11
1258.95
1257.65
1255.94
1254.78
1253.84
1254.11
1256.37
1256.87
1256.47
1260.17
1263.42
1267.24
1273.28
1276.09
1282.21
1284.44
1286.65
1291.18
1295.92
1300.27
1300.48
1302.65
1306.42
1309.66
1307.68
1310.14
1308.21
1308.73
1308.35
1307.56
1306.24
1306.02
1306.53
1305.45
1304.4
1299.29
1296.3
1295.58
1294.79
1293.94
1292.23
1291.98
1290.38
1288.95
1286.61
1285.29
1283.28
1281.06
1276.51
1272.65
1269.79
1264.96
1258.77
1254.67
1250.16
1244.57
1239.95
1234.84
1230.14
1225.09
1219.73
1212.98
1205.98
1198.08
1188.94
1180.81
1171.17
1163.57
1154.36
1146.74
1137.37
1129.12
1119.63
1111.23
1102.51
1094.97
1087.51
1081.04
1077.58
1075.78
1070.94
1068.99
1073.04
1077.17
1079.56
1082.9
1087.97
1094.31
1097.49
1104.19
1110.99
1117.4
1122.42
1129.21
1134.19
1142.07
1146.8
1154.08
1159.92
1164.92
1168.13
1169.99
1174.26
1176.69
1176.53
1176.89
1179.97
1183.26
1186.96
1190.09
1193.6
1198.58
1201.55
1206.57
1210.49
1214.72
1219.67
1222.23
1227.66
1233.53
1239.51
1244.3
1249.02
1254.05
1258.4
1264.72
1269.42
1274.77
1281.2
1284.58
1289.03
1294.94
1303.44
1309.6
1316.37
1323.44
1330.9
1337.67
1343.66
1349.61
1356.72
1364.16
1370.48
1377.22
1385.74
1393.08
1400.9
1405.23
1410.93
1416.18
1423.11
1429.6
1433.48
1439.13
1445.08
1451.64
1456.95
1460.03
1463.83
1465.78
1468.77
1470.01
1471.5
1472.76
1472.95
1476.44
1477.2
1477.73
1477.82
1477.97
1475.13
1475.04
1474
1473.01
1472.09
1472.79
1471.56
1468.85
1467.79
1464.47
1463.69
1463.69
1463.34
1463.15
1463.87
1467.22
1470.35
1473
1475.7
1480.6
1484.06
1487.04
1490.68
1493.7
1496.45
1499.45
1504.48
1510.98
1515.04
1517.67
1521.39
1527.48
1533.49
1537.94
1543.14
1545.81
1551.17
1558.94
1564.72
1568.72
1573.42
1576.3
1575.29
1580.1
1579.71
1580.17
1581.12
1579.95
1577.88
1575.6
1571.37
1567.73
1566.19
1562.03
1554.88
1552.36
1551.72
1548.91
1545.12
1539.68
1537.02
1534.62
1531.08
1530.72
1530.64
1524.73
1522.73
1523.21
1520.52
1522.54
1521.96
1521.57
1521.78
1520.5
1519.57
1516.58
1517.16
1519.47
1521.02
1521.69
1523.53
1519.17
1520.88
1519.17
1518.48
1517.3
1518.75
1515.08
1510.14
1506.55
1504.6
1500.58
1493.05
1490.04
1483.94
1480.04
1476.45
1470.03
1465.43
1458.16
1453.38
1449.3
1443.03
1441.9
1434.68
1431.93
1429.62
1428.26
1428.35
1428.4
1429.13
1430.01
1431.41
1433.16
1433.72
1435.34
1437.75
1439.58
1441.76
1444.15
1444.43
1446.66
1448.92
1451.08
1453.15
1455.51
1457.43
1457.43
1459.24
1461.17
1462.66
1464.72
1466.63
1468.4
1468.31
1470.15
1471.93
1473.3
1475.34
1477.45
1479.38
1481.02
1481.52
1483.62
1485.89
1488.51
1491.6
1494.59
1497.85
1501.09
1505.02
1507.72
1511.56
1515.83
1519.94
1524.42
1528.52
1532.86
1537.05
1540.89
1542.48
1545.97
1548.71
1551.41
1553.6
1555.42
1557.08
1558.74
1559.68
1560.1
1559.01
1559.2
1559.93
1560.82
1561.37
1562.11
1563.26
1564.73
1566.36
1567.24
1569.89
1573.07
1576.61
1580.87
1585.07
1590.16
1594.92
1600.05
1605.65
1609.37
1615.42
1621.6
1627.36
1633.96
1640.03
1645.96
1652.23
1658.56
1664.64
1668.34
1674.43
1680.64
1686.17
1691.79
1696.89
1701.99
1707.22
1711.49
1716.05
1720.26
1724.19
1727.7
1730.95
1733.83
1736.55
1739.53
1741.78
1741.85
1743.63
1745.2
1746.27
1747.38
1748.33
1749.02
1749.17
1749.49
1749.28
1748.6
1748.19
1747.14
1746.24
1745.12
1743.8
1742.43
1738.73
1736.8
1734.93
1733.07
1731.02
1728.93
1726.81
1724.49
1722.68
1720.66
1718.58
1716.97
1714.97
1712.57
1710.32
1708.01
1705.64
1701.69
1699.98
1697.82
1695.63
1693.88
1691.63
1690.01
1687.85
1686.07
1684.34
1682.57
1681.03
1679.83
1678.55
1677.49
1676.64
1676.09
1675.77
1675.6
1675.73
1676.18
1677.12
1677.65
1678.65
1679.51
1680.46
1681.11
1681.87
1682.85
1683.57
1684.09
1683.94
1683.96
1683.87
1683.61
1681.68
1678.51
1678.62
1677.87
1677.81
1677.28
1677.18
1679.13
1678.87
1679.91
1680.07
1682.6
1685.13
1688.72
1689.02
1693.49
1697.8
1703.4
1710.24
1716.6
1724.04
1727.44
1731.27
1736.51
1739.88
1743.4
1748.4
1752.31
1756.73
1758.97
1759.22
1761.34
1761.18
1763.43
1765.41
1764.15
1765.21
1764.62
1765.36
1764.21
1762.68
1762.15
1764.71
1765.67
1764.78
1764.77
1764.13
1764.73
1765.56
1766.27
1768.26
1768.22
1769.19
1769.18
1770.94
1771.04
1770.4
1772.32
1776.57
1777.3
1779.18
1784.95
1785.04
1786.1
1788.25
1789.16
1790.72
1791.65
1792.37
1793.89
1794.83
1795.71
1797.15
1798.83
1799.16
1796.91
1797.06
1797.59
1797.2
1795.26
1795.92
1797.43
1797.01
1796.99
1797.49
1797.8
1797.53
1797.67
1796.67
1797.06
1797.02
1795.84
1796.14
1796.25
1799.79
1800.34
1801.34
1803
1803.97
1805.07
1806.24
1806.58
1810.69
1811.5
1812.17
1813.3
1814.5
1815.57
1816.1
1817.94
1820.2
1819.29
1819.71
1820.44
1819.59
1818.71
1816.78
1816.89
1818.75
1818.35
1818.86
1817.86
1817.93
1816.49
1814.42
1814.46
1812.75
1811.66
1809.7
1806.89
1804.7
1801.75
1799
1798.54
1796.41
1795.2
1793.79
1790.92
1789.46
1787.29
1787.1
1789.42
1788.94
1787.84
1786.7
1786.11
1784.59
1784.4
1783.85
1785.82
1786.44
1786.76
1788.22
1789.01
1789.39
1792.04
1792.92
1794.33
1796.31
1798.57
1800.92
1802.09
1803.82
1806.08
1808.56
1811.67
1813.08
1816.01
1817.19
1819.55
1823.07
1827.04
1830.65
1832.69
1834.87
1836.71
1840.76
1842.91
1844.15
1845.54
1845.5
1847.7
1848.43
1849.83
1850.78
1851.02
1852.51
1853.6
1854.59
1854.77
1855.8
1859.25
1861.3
1867.24
1870.05
1874.59
1878.88
1885.15
1888.8
1894.29
1898.06
1903.49
1911.35
1915.49
1918.72
1924.33
1930.26
1936.29
1940.78
1944.13
1948.29
1951.36
1955.88
1958.93
1961.33
1964
1965.32
1968.21
1970.14
1970.94
1972.33
1975.48
1976.22
1977.5
1978.58
1982.69
1983.11
1984.7
1985.57
1987.08
1990.44
1992.5
1993.76
1996.38
1999.77
2000.42
2002.36
2002.91
2006.63
2007.65
2010.38
2011.67
2013.2
2015.67
2016.94
2017.28
2018.01
2020.8
2021.54
2021.86
2021.51
2023.16
2023.13
2022.79
2022.58
2021.76
2022.99
2022.29
2021.25
2019.5
2020.5
2019.57
2018.76
2017.31
2018
2016.25
2015.01
2013.57
2012.42
2013.66
2012.6
2011.62
2010.8
2010.21
2011.81
2011.64
2011.78
2012.19
2012.98
2014.09
2017.61
2019.58
2021.97
2024.82
2028.21
2031.98
2036.1
2042.57
2047.15
2051.85
2056.63
2061.33
2065.93
2072.42
2076.6
2080.46
2083.94
2086.97
2089.47
2093.5
2094.94
2095.94
2096.6
2096.99
2097.18
2099.34
2099.37
2099.44
2099.62
2099.99
2100.63
2103.7
2105.11
2107.01
2109.45
2112.4
2115.77
2121.61
2125.64
2129.89
2134.3
2138.8
2143.33
2147.82
2154.35
2158.59
2162.62
2166.37
2169.79
2172.83
2177.67
2180.03
2182.08
2183.86
2185.39
2186.7
2189.97
2190.91
2191.71
2192.39
2192.98
2193.5
2196.14
2196.6
2197.06
2197.51
2197.95
2198.37
2200.92
2201.26
2201.55
2201.78
2201.94
2202.03
2204.21
2204.13
2203.96
2203.69
2203.32
2202.85
2202.3
2203.85
2203.2
2202.55
2201.91
2201.31
2200.77
2202.47
2202.12
2201.91
2201.85
2201.97
2202.29
2204.98
2205.75
2206.74
2207.9
2209.21
2210.64
2214.31
2215.87
2217.47
2219.06
2220.61
2222.11
2225.69
2226.99
2228.16
2229.15
2229.97
2230.64
2231.2
2233.86
2234.34
2234.84
2235.4
2236.07
2236.9
2240.08
2241.33
2242.87
2244.73
2246.95
2249.58
2254.83
2258.29
2262.08
2266.15
2270.43
2274.86
2281.59
2286.17
2290.73
2295.23
2299.6
2303.8
2310
2313.71
2317.09
2320.11
2322.78
2325.1
2329.34
2331.04
2332.44
2333.56
2334.41
2335.01
2335.37
2337.75
2337.67
2337.39
2336.92
2336.28
2335.48
2336.76
2335.66
2334.43
2333.08
2331.63
2330.07
2330.66
2328.94
2327.16
2325.32
2323.45
2321.54
2321.83
2319.9
2317.97
2316.06
2314.16
2312.29
2312.66
2310.86
2309.11
2307.41
2305.78
2304.21
2302.71
2303.49
2302.17
2300.95
2299.82
2298.81
2297.89
2299.24
2298.47
2297.75
2297.06
2296.4
2295.74
2297.24
2296.54
2295.8
2295
2294.13
2293.17
2294.27
2293.08
2291.77
2290.33
2288.75
2287.03
2287.32
2285.3
2283.13
2280.79
2278.29
2275.61
2274.89
2271.85
2268.61
2265.18
2261.55
2257.75
2253.83
2251.95
2247.89
2243.84
2239.82
2235.89
2232.09
2230.54
2227.12
2223.96
2221.11
2218.61
2216.51
2216.92
2215.65
2214.76
2214.19
2213.92
2213.89
2214.06
2214.41
2214.87
2215.42
2216.02
2216.61
2217.16
2217.63
2217.98
2218.15
2218.12
2217.83
2217.25
2216.33
2215.02
2213.27
2211.04
2208.29
2204.94
2200.96
2196.29
2190.87
2184.63
2177.5
