27.3132
27.5069
27.2995
27.2925
27.1839
27.1928
27.3162
27.5195
27.7761
28.0365
28.3224
28.6184
28.9126
29.1676
29.4121
29.6386
29.8413
30.0163
30.1336
30.2268
30.2933
30.332
30.3164
30.2811
30.2257
30.1511
30.0323
29.9046
29.7683
29.6249
29.4759
29.2978
29.125
28.9581
28.798
28.6205
28.459
28.3131
28.1581
28.0261
27.9162
27.8285
27.7387
27.6785
27.6478
27.6472
27.6523
27.6927
27.7657
27.8689
27.9755
28.1122
28.2742
28.4567
28.6315
28.8219
29.021
29.1984
29.3751
29.5421
29.6912
29.7933
29.8717
29.9229
29.9447
29.914
29.8589
29.7797
29.6775
29.532
29.3732
29.2028
29.0007
28.797
28.5933
28.3916
28.1713
27.9621
27.7647
27.5801
27.3867
27.2132
27.0596
26.9261
26.7903
26.6809
26.5975
26.5404
26.4875
26.4679
26.482
26.5073
26.571
26.6714
26.8063
26.9509
27.1306
27.3412
27.5788
27.8166
28.0769
28.3533
28.639
28.9049
29.1701
29.4259
29.6652
29.8607
30.0348
30.1838
30.2834
30.3584
30.4072
30.4294
30.4034
30.3562
30.2883
30.2006
30.0733
29.934
29.7839
29.6246
29.4363
29.2468
29.0568
28.8464
28.6426
28.4459
28.2569
28.0556
27.8684
27.6954
27.5372
27.3734
27.2299
27.1067
27.0034
26.8987
26.8168
26.7559
26.7143
26.6696
26.6452
26.6386
26.6271
26.6335
26.655
26.6891
26.7131
26.7495
26.7953
26.8482
26.8856
26.9296
26.9773
27.0262
27.0739
27.1182
27.1572
27.1696
27.1765
27.1752
27.1635
27.1393
27.1005
27.0456
26.9559
26.853
26.7374
26.6101
26.4727
26.3272
26.1758
26.0033
25.8328
25.6662
25.5054
25.3525
25.2094
25.0611
24.9292
24.8146
24.7176
24.6383
24.5765
24.532
24.4884
24.4639
24.4578
24.4692
24.4972
24.5413
24.6007
24.6596
24.7346
24.8246
24.9281
25.0435
25.1691
25.2883
25.4153
25.5475
25.6818
25.815
25.9439
26.0649
26.1603
26.2428
26.3088
26.3545
26.3768
26.3742
26.3469
26.2823
26.1989
26.0997
25.9884
25.8689
25.7458
25.6235
25.4937
25.3761
25.2755
25.1973
25.1471
25.1314
25.1423
25.198
25.301
25.4521
25.6508
25.8951
26.181
26.4892
26.827
27.1842
27.5489
27.9072
28.2439
28.5424
28.7728
28.9388
29.0327
29.0516
28.9962
28.8703
28.6806
28.4214
28.1186
27.7826
27.4239
27.0529
26.6795
26.2988
25.9353
25.5962
25.2861
25.0081
24.7634
24.5525
24.3611
24.2038
24.079
23.9844
23.9177
23.876
23.8565
23.8424
23.8452
23.8607
23.8846
23.9131
23.9432
23.9725
23.9864
23.998
24.0061
24.0099
24.0091
24.0036
23.9935
23.9792
23.9612
23.9281
23.8945
23.861
23.8283
23.7972
23.7681
23.7417
23.7186
23.6991
23.6718
23.6506
23.6359
23.6279
23.6272
23.634
23.6489
23.6723
23.7048
23.7336
23.773
23.8222
23.8803
23.9462
24.0181
24.0943
24.1728
24.2512
24.3126
24.3708
24.4228
24.4658
24.4968
24.5132
24.5137
24.4981
24.4675
24.4091
24.342
24.2688
24.1926
24.1167
24.0446
23.9801
23.9272
23.8902
23.8737
23.8695
23.8982
23.9643
24.0708
24.2198
24.4122
24.6478
24.9251
25.2412
25.5919
25.9714
26.3721
26.7988
27.2257
27.6414
28.0333
28.3884
28.696
28.9484
29.1402
29.2685
29.3327
29.3337
29.2743
29.1584
28.991
28.7779
28.5253
28.2399
27.9285
27.5977
27.2543
26.9042
26.5529
26.2056
25.8667
25.5403
25.2314
24.943
24.6779
24.4372
24.2242
24.0542
23.9184
23.8157
23.7454
23.7141
23.7262
23.782
23.8862
24.04
24.2417
24.4904
24.7888
25.136
25.5304
25.9683
26.4528
26.9746
27.5288
28.0978
28.6704
29.2336
29.7815
30.3153
30.8292
31.308
31.7468
32.1457
32.4915
32.7804
33.0088
33.1857
33.305
33.3677
33.3766
33.3416
33.2704
33.1534
32.9926
32.788
32.5675
32.3281
32.0558
31.747
31.4405
31.1056
30.7585
30.4018
30.0298
29.6572
29.2798
28.8996
28.5163
28.1479
27.7964
27.4584
27.1372
26.8413
26.5687
26.331
26.128
25.9552
25.8079
25.6573
25.51
25.3914
25.3146
25.2724
25.2503
25.2383
25.2521
25.2864
25.3549
25.4407
25.5295
25.6325
25.7331
25.8401
25.9525
26.073
26.1942
26.3011
26.4181
26.5573
26.6772
26.7666
26.8589
26.9331
27.026
27.1016
27.2022
27.3242
27.4391
27.5434
27.6397
27.7699
27.9056
28.026
28.1352
28.2868
28.4242
28.592
28.7558
28.9212
29.0871
29.2536
29.4029
29.5232
29.6281
29.7125
29.8146
29.9036
29.952
29.962
29.936
29.8859
29.7983
29.692
29.5682
29.4398
29.2981
29.154
29.0125
28.9001
28.8086
28.7284
28.681
28.6783
28.6951
28.7343
28.8051
28.9267
29.0816
29.2628
29.4706
29.7049
29.9749
30.2731
30.6034
30.9702
31.3552
31.7665
32.1776
32.6
33.0141
33.4341
33.8463
34.2606
34.6652
35.0627
35.4429
35.8068
36.1479
36.4436
36.6859
36.9091
37.0929
37.1922
37.2174
37.1942
37.1225
36.9956
36.8112
36.6069
36.3572
36.0691
35.7535
35.429
35.0833
34.7376
34.367
34.0052
33.6286
33.2535
32.89
32.5493
32.2432
31.9461
31.6755
31.4488
31.2821
31.1437
31.0297
30.9352
30.8651
30.8153
30.771
30.7529
30.74
30.7439
30.7609
30.7837
30.8364
30.8877
30.9338
30.9748
31.0233
31.0791
31.1378
31.2052
31.2593
31.3176
31.3723
31.4121
31.4707
31.5342
31.5868
31.6025
31.6117
31.6092
31.5941
31.5649
31.532
31.5056
31.4865
31.4622
31.4309
31.4069
31.3851
31.3456
31.3044
31.2562
31.2419
31.2398
31.2526
31.2573
31.2594
31.2884
31.3176
31.3417
31.3523
31.3641
31.4005
31.4451
31.5146
31.5875
31.679
31.7772
31.8772
31.9846
32.0512
32.1093
32.1549
32.1868
32.1979
32.219
32.2075
32.1746
32.1189
32.0406
31.9227
31.7951
31.6784
31.5532
31.4514
31.3432
31.2258
31.1119
31.006
30.9041
30.7823
30.6552
30.5371
30.4331
30.321
30.2259
30.1571
30.1078
30.0882
30.1025
30.1481
30.2014
30.2507
30.3356
30.4764
30.6589
30.8548
31.0695
31.3241
31.6041
31.9363
32.2732
32.5769
32.8697
33.163
33.4303
33.6794
33.9393
34.1051
34.2325
34.2865
34.2487
34.1442
33.9826
33.7682
33.5313
33.2675
32.9576
32.6503
32.3902
32.118
31.8242
31.5535
31.3279
31.1751
31.0637
30.9997
31.0043
31.0402
31.1136
31.305
31.5563
31.8386
32.1968
32.5666
32.9843
33.4404
33.9177
34.4231
34.9341
35.4571
35.9264
36.3123
36.6222
36.8642
37.0209
37.171
37.2272
37.2392
37.1932
37.0988
36.9272
36.7525
36.5877
36.4127
36.209
36.0078
35.852
35.679
35.5312
35.3795
35.2236
35.1015
34.9892
34.9211
34.8648
34.8164
34.8074
34.7785
34.8138
34.8594
34.9174
34.9828
35.0447
35.11
35.1754
35.2426
35.3078
35.3685
35.4394
35.5053
35.5552
35.5955
35.6189
35.6204
35.6222
35.5956
35.5407
35.4601
35.357
35.2301
35.0884
34.9573
34.814
34.6605
34.5063
34.347
34.1887
34.0365
33.9156
33.8014
33.6979
33.6126
33.5387
33.478
33.4351
33.4151
33.4329
33.4675
33.5194
33.5874
33.6689
33.7699
33.8902
34.034
34.196
34.3944
34.6132
34.8468
35.0965
35.3548
35.6232
35.8932
36.1609
36.4234
36.7001
36.9521
37.1796
37.3718
37.5241
37.63
37.6837
37.6814
37.6321
37.5431
37.4354
37.2931
37.1153
36.9086
36.6871
36.457
36.2224
35.9895
35.7669
35.5746
35.3971
35.2371
35.0972
34.9734
34.8715
34.7818
34.7117
34.6564
34.6092
34.5948
34.5752
34.549
34.5208
34.4765
34.422
34.3561
34.272
34.1689
34.0518
33.954
33.8364
33.7013
33.562
33.4186
33.2799
33.1456
33.014
32.8993
32.7949
32.7051
32.6321
32.5792
32.546
32.5332
32.538
32.5519
32.5824
32.6551
32.7328
32.8152
32.9056
32.9983
33.0913
33.1837
33.2782
33.366
33.4508
33.5348
33.6096
33.6823
33.7471
33.8058
33.8598
33.9083
33.9836
34.0516
34.1123
34.1667
34.2192
34.271
34.3235
34.38
34.4325
34.485
34.5381
34.5845
34.6304
34.6804
34.7299
34.7778
34.8231
34.886
34.9282
34.958
34.9757
34.9748
34.964
34.9345
34.8964
34.8453
34.7828
34.712
34.632
34.5411
34.4443
34.3418
34.2345
34.1221
34.0057
33.8881
33.7694
33.6497
33.5271
33.4122
33.3015
33.2002
33.1094
33.035
32.9762
32.9305
32.9033
32.8978
32.9236
32.9767
33.0591
33.1742
33.345
33.5826
33.8328
34.111
34.4058
34.7227
35.0508
35.357
35.6711
35.9642
36.2403
36.4545
36.602
36.6622
36.6787
36.5859
36.4002
36.1199
35.75
35.3231
34.8458
34.398
33.9778
33.5703
33.2113
32.8974
32.6059
32.3555
32.1362
31.978
31.8989
31.8564
31.8797
31.923
31.9926
32.1356
32.3068
32.5295
32.7769
33.0741
33.4148
33.7716
34.0909
34.3969
34.7067
34.9925
35.2567
35.4747
35.6445
35.7709
35.8392
35.8877
35.9026
35.904
35.8688
35.8315
35.8056
35.7542
35.6564
35.5818
35.5124
35.3941
35.3251
35.2782
35.2306
35.1985
35.1645
35.1331
35.1005
35.0477
34.9797
34.8916
34.7696
34.6079
34.4253
34.2555
34.0524
33.8152
33.5649
33.328
33.0645
32.7731
32.4954
32.2279
31.9674
31.723
31.5075
31.3161
31.1687
31.0428
30.9479
30.9
30.871
30.8648
30.8298
30.8231
30.8336
30.8496
30.8817
30.9244
30.9737
31.0386
31.0565
31.0862
31.1215
31.1497
31.1678
31.1771
31.1852
31.1707
31.1321
31.1222
31.1121
31.0972
31.1027
31.1239
31.1736
31.2153
31.2288
31.2594
31.2922
31.3517
31.4161
31.5075
31.6273
31.7351
31.8574
31.9766
32.1006
32.233
32.3524
32.4627
32.5504
32.5742
32.5615
32.4971
32.3897
32.2669
32.1103
31.9399
31.7342
31.4716
31.2158
30.9826
30.7761
30.5916
30.448
30.3277
30.2431
30.1628
30.1195
30.1206
30.1494
30.2194
30.3349
30.4585
30.6199
30.8047
30.9985
31.1916
31.3761
31.5609
31.7229
31.8422
31.9063
31.9023
31.8591
31.7535
31.621
31.4473
31.2256
30.9642
30.6835
30.4176
30.1668
29.9392
29.7026
29.4962
29.3336
29.2085
29.1398
29.0852
29.0708
29.0826
29.1278
29.215
29.3203
29.4513
29.6076
29.798
30.0021
30.1793
30.3565
30.4697
30.5781
30.6495
30.692
30.6779
30.6591
30.6047
30.5492
30.4653
30.3228
30.1974
30.0988
29.9827
29.8513
29.71
29.5891
29.5033
29.4317
29.3894
29.3457
29.3262
29.3346
29.3582
29.4138
29.4656
29.529
29.6165
29.7082
29.7707
29.8474
29.9194
29.985
29.9912
30.0112
30.0169
30.0207
30.0094
29.9556
29.8923
29.8347
29.7588
29.6582
29.587
29.5165
29.4713
29.3946
29.3446
29.2877
29.2528
29.231
29.2044
29.196
29.2162
29.2498
29.2586
29.2845
29.3281
29.3934
29.4387
29.496
29.564
29.634
29.7114
29.7561
29.8061
29.8603
29.9233
29.9408
29.9532
29.9531
29.9477
29.8956
29.844
29.7759
29.6918
29.5833
29.4115
29.2292
29.0358
28.8323
28.6209
28.3728
28.1361
27.9106
27.6989
27.5021
27.3233
27.1315
26.9721
26.8445
26.7485
26.6836
26.65
26.6458
26.6339
26.658
26.7113
26.7871
26.8811
26.9881
27.0679
27.162
27.261
27.3564
27.4405
27.5061
27.5115
27.5014
27.4706
27.4173
27.3417
27.2455
27.0956
26.9434
26.788
26.63
26.471
26.3129
26.1223
25.9497
25.7927
25.6502
25.5214
25.406
25.2671
25.1539
25.0616
24.9867
24.9272
24.8816
24.849
24.7917
24.7608
24.7518
24.762
24.7905
24.8376
24.865
24.9253
25.0126
25.1227
25.2523
25.3986
25.52
25.6664
25.8285
25.9985
26.1697
26.3352
26.4499
26.5608
26.6562
26.7293
26.7767
26.7977
26.7543
26.7022
26.6383
26.5624
26.4757
26.3804
26.2402
26.1116
25.9919
25.8803
25.7771
25.6833
25.5996
25.4873
25.4003
25.3327
25.2811
25.2432
25.2176
25.165
25.1385
25.1323
25.143
25.1688
25.2088
25.2242
25.2683
25.3351
25.4203
25.5203
25.6323
25.7146
25.8182
25.9348
26.0578
26.1819
26.3025
26.3761
26.4529
26.5232
26.5794
26.6162
26.6307
26.6227
26.5534
26.4797
26.3981
26.3077
26.2093
26.1045
25.956
25.8209
25.6959
25.5797
25.4722
25.3742
25.2468
25.1462
25.0663
25.0031
24.9537
24.9163
24.8486
24.807
24.7841
24.7755
24.778
24.79
24.7681
24.7708
24.7904
24.8221
24.8629
24.9108
24.9216
24.9546
25.0011
25.056
25.1157
25.1778
25.2405
25.2597
25.2947
25.3369
25.3806
25.4222
25.4593
25.4476
25.4473
25.4506
25.4532
25.4529
25.4486
25.3975
25.3596
25.3277
25.2979
25.2682
25.2374
25.1634
25.1054
25.0564
25.0122
24.9702
24.9288
24.8454
24.7778
24.7185
24.663
24.6084
24.5531
24.496
24.3951
24.308
24.2275
24.1494
24.0711
23.9916
23.8696
23.7629
23.6652
23.573
23.4848
23.3997
23.2767
23.1733
23.0829
23.0019
22.9284
22.8612
22.7591
22.679
22.6144
22.5614
22.5181
22.4834
22.4167
22.3744
22.3503
22.341
22.3448
22.3613
22.3509
22.3702
22.4142
22.481
22.5704
22.6822
22.8157
22.9305
23.0787
23.2519
23.443
23.6455
23.853
24.0206
24.1934
24.3582
24.5036
24.6192
24.6956
24.6875
24.6434
24.559
24.4352
24.2756
24.0861
23.8733
23.6447
23.4073
23.168
22.9328
22.7071
22.4951
22.3002
22.1248
21.9702
21.8372
21.7259
21.636
21.5669
21.5184
21.4908
21.4851
21.5037
21.5507
21.6328
21.7594
21.9435
22.2029
22.5603
