30.2452
29.3464
27.7278
30.315
28.0582
26.59
30.3485
29.6007
26.8686
27.1028
26.9992
24.4771
25.3019
26.7441
24.8895
30.5566
23.8184
24.0817
23.7609
23.8871
24.7578
23.9652
30.6162
25.2802
23.16
32.6385
33.347
26.6323
24.0973
26.6565
28.096
30.3043
27.859
33.4973
38.697
31.4942
29.7105
31.3086
31.1252
31.3199
31.9446
30.1063
30.8402
34.3721
30.5355
36.7617
35.5643
34.6276
35.5997
33.2717
34.5121
37.9946
34.7818
34.204
32.445
33.4898
34.3568
34.9687
33.5778
33.3144
37.0599
31.559
35.4934
35.3831
34.4067
30.9665
31.2987
31.3634
32.7413
30.1355
32.3073
29.1769
30.9744
29.5828
30.2525
29.4743
29.8988
29.4932
26.6673
27.711
25.6308
24.9246
26.8836
25.706
25.4109
26.7782
25.305
24.9396
25.5683
25.1652
24.136
22.7692
22.6925
24.9088
21.831
23.2028
